-0.00121966 -0.0108682 0.0068429
-0.0107519 0.000332695 1.00745
0.000336061 0.0947336 0.00462532
0.00200699 0.121247 1.00372
0.0102096 0.207834 -0.00127842
-0.00336813 0.193128 1.01308
-0.00935842 0.273276 -0.0077274
-0.00521566 0.279847 1.0005
-0.00894625 0.399868 -0.0018468
-0.00679454 0.399263 1.00858
0.00376912 0.492507 0.0140231
0.00805901 0.496648 1.00673
0.0121152 0.600465 -0.00285115
0.0115087 0.586857 0.998689
-0.00470959 0.700723 0.0167327
-0.000102426 0.695944 0.996847
-0.0060696 0.784037 -0.00988121
0.00797139 0.811047 0.986744
-0.00971749 0.915696 0.00158739
-0.00161904 0.914182 0.980064
0.10568 -0.000141473 0.00515601
0.0880246 0.0111675 1.00557
0.0856428 0.0988597 0.00941005
0.0978116 0.095821 0.989517
0.0986515 0.188991 0.00746108
0.0991756 0.200958 0.999333
0.100188 0.311417 -0.0015785
0.113277 0.311022 1.00451
0.101326 0.40059 0.00126917
0.0814756 0.409906 0.997738
0.109301 0.509909 -0.00741903
0.100426 0.520048 0.998782
0.107758 0.571434 0.0134531
0.0973557 0.595053 0.99588
0.0941981 0.716031 0.00915132
0.104912 0.687588 1.00561
0.10552 0.798629 -0.00925458
0.0901103 0.792957 1.00918
0.0961662 0.912034 -0.00357408
0.0966259 0.895506 0.99726
0.211978 0.00547406 0.00697497
0.213222 -0.0165522 1.00897
0.200702 0.0897208 0.0165698
0.207182 0.101577 0.998519
0.181334 0.205766 0.0247052
0.208004 0.180474 0.989595
0.178664 0.289893 -0.00155241
0.197339 0.31174 1.00905
0.220389 0.395 -0.01073
0.203242 0.403103 0.97875
0.198457 0.511998 0.0157041
0.196047 0.510563 1.00814
0.20247 0.604038 8.21708e-05
0.197805 0.5853 1.00228
0.214456 0.708761 -0.00828201
0.185794 0.693513 0.996892
0.19504 0.791698 0.0224665
0.175053 0.802541 0.997337
0.18193 0.908324 -0.000107926
0.195091 0.902559 1.01686
0.29815 -0.00223973 -0.0094816
0.302893 -0.00495083 0.984232
0.302448 0.103737 0.0198181
0.294234 0.102325 0.985622
0.297359 0.187434 0.00893471
0.304981 0.192453 1.00814
0.307564 0.308167 -0.00119264
0.300467 0.306482 0.988179
0.286946 0.3937 -0.00310841
0.296948 0.404039 1.00146
0.2985 0.500377 -0.0010097
0.300502 0.492548 1.00033
0.292789 0.605338 -0.00270716
0.291868 0.608009 0.981976
0.307989 0.710326 -0.00182112
0.305747 0.684224 0.997269
0.283226 0.793743 0.00144427
0.285072 0.804179 1.00718
0.292328 0.877657 -0.0104089
0.305474 0.883657 1.01136
0.412676 0.000366179 0.011216
0.385481 -0.0151859 1.00105
0.402594 0.0948359 -0.00719342
0.385912 0.098216 0.984361
0.400829 0.195763 0.00430305
0.379924 0.204273 0.999118
0.40592 0.301912 0.00296617
0.41285 0.29291 0.997252
0.411992 0.410546 -0.00546401
0.38908 0.396216 0.995116
0.396169 0.500696 -0.00120966
0.400751 0.498758 1.0076
0.403553 0.611579 -0.0124412
0.400711 0.610514 1.02488
0.405755 0.719725 0.00787009
0.418467 0.701134 0.970753
0.400239 0.794934 0.021489
0.410024 0.799238 1.01557
0.398716 0.919236 -0.0101702
0.409583 0.902475 0.982149
0.505232 -0.0142032 0.00316951
0.49786 0.00534639 1.00186
0.503732 0.0930507 0.0122046
0.492637 0.107928 0.981665
0.514055 0.199624 -0.00216166
0.497902 0.187947 0.981032
0.494917 0.301749 -0.0178378
0.501779 0.312701 1.00354
0.501195 0.406583 -0.00167429
0.502054 0.396401 1.00184
0.517593 0.491621 0.00570407
0.506629 0.499672 1.00961
0.515003 0.590201 -0.000429193
0.491877 0.589267 1.01413
0.499213 0.662947 -0.00166518
0.492389 0.70331 0.986717
0.481962 0.811725 -0.0107801
0.503073 0.79551 1.01141
0.521867 0.896982 -0.00551673
0.511591 0.891053 0.995825
0.587603 0.0111629 0.00736724
0.60179 -0.0172654 1.00121
0.604293 0.11064 -0.0120143
0.598535 0.11089 1.00613
0.59006 0.18829 -0.00938547
0.607672 0.193428 0.998047
0.580822 0.316388 -0.00940773
0.586334 0.290213 1.02369
0.610297 0.402712 0.00105537
0.586034 0.407807 1.00509
0.612266 0.513712 -0.0198331
0.603917 0.482966 0.995604
0.60436 0.579741 -0.0146257
0.605591 0.604661 0.995785
0.615077 0.710825 -0.00502792
0.619476 0.695227 1.00175
0.591829 0.794432 0.00207691
0.608762 0.806479 1.01784
0.586223 0.89696 -0.00919703
0.591815 0.905615 0.99972
0.706696 -0.00669825 0.000837821
0.705251 5.46047e-05 0.989073
0.689606 0.100138 -0.0105664
0.715753 0.109698 1.00412
0.69719 0.192029 0.00604396
0.716363 0.196951 0.996841
0.707488 0.30332 0.0128757
0.6898 0.29327 1.00902
0.693234 0.405047 -0.00356796
0.714753 0.398562 1.00264
0.693748 0.506398 0.00658692
0.698165 0.484514 1.01256
0.705813 0.593969 -0.0117711
0.715479 0.606176 0.997485
0.711451 0.69632 0.00921724
0.681033 0.703478 1.00377
0.680596 0.791687 0.00174357
0.702988 0.805401 1.01332
0.69239 0.896229 -0.00266475
0.716248 0.907536 0.989129
0.796097 -0.00513867 -0.00584289
0.801299 0.00498673 0.985448
0.797108 0.0849138 0.00023597
0.807569 0.103113 1.01022
0.814911 0.212806 -0.0101442
0.801613 0.201312 0.988846
0.797022 0.30838 0.00524619
0.797449 0.318479 0.995114
0.776111 0.392286 0.015242
0.771595 0.391938 1.01681
0.79361 0.484257 0.00832508
0.813921 0.479892 0.999136
0.796865 0.589963 -0.0112655
0.794378 0.585917 1.00202
0.824494 0.70312 -0.00426561
0.803603 0.7261 1.00867
0.808931 0.804631 0.01192
0.791799 0.812124 0.978746
0.814995 0.915071 -0.00107643
0.796834 0.897167 0.987777
0.892012 0.0136967 -0.00160596
0.891887 0.0068369 0.981329
0.892926 0.100513 0.00123652
0.890264 0.111834 1.00168
0.895036 0.192195 -0.00647019
0.90145 0.199692 1.00064
0.886486 0.296898 0.00763023
0.911449 0.290781 1.0051
0.90524 0.389979 -0.0284685
0.915067 0.398808 0.991173
0.908204 0.503262 0.0014949
0.890441 0.501219 1.00993
0.907349 0.599782 0.0159728
0.903084 0.595882 0.988721
0.897031 0.704643 0.00498607
0.908121 0.691071 1.00057
0.893044 0.810213 0.00716115
0.912644 0.798457 0.988091
0.896888 0.888449 -0.0118965
0.886408 0.911053 0.986095
-0.0167634 -0.000601845 -0.00845177
-0.00807186 1.01159 0.00162221
0.00902916 0.00129397 0.113761
-0.00700376 1.00668 0.112552
-0.00181066 0.0037367 0.20585
-0.00684607 0.999071 0.196511
0.00399974 -0.0126597 0.314929
0.00266675 1.00648 0.303518
-9.50307e-07 0.0020722 0.408319
0.0108944 0.99462 0.391855
-0.00194671 0.00794315 0.501093
0.00909451 0.991278 0.49218
-0.00570755 -0.0199141 0.610143
0.00530975 1.01643 0.602788
-0.00524398 0.0145481 0.710119
0.0126994 0.990479 0.689277
-0.000699807 0.0036858 0.804457
0.012936 0.985404 0.784394
0.0179739 0.00533799 0.883543
0.00467157 1.004 0.895609
0.105337 -0.0111063 -0.00187997
0.0933659 0.984955 -0.000357646
0.107887 -0.00295399 0.103345
0.0995779 0.989025 0.102358
0.0915016 -3.35605e-06 0.195729
0.0888595 0.994985 0.193394
0.0932937 0.00783373 0.308825
0.128751 0.989472 0.282236
0.101348 0.00816537 0.412614
0.095904 0.994785 0.408892
0.102438 -0.00560563 0.495012
0.0956087 1.00319 0.497408
0.0979374 -0.00333685 0.611042
0.100512 1.0017 0.600339
0.10542 0.00938516 0.686753
0.116407 0.992816 0.674178
0.0941209 0.00898509 0.77413
0.0906113 1.0207 0.79529
0.119009 0.00706576 0.88701
0.10899 0.993054 0.891954
0.198081 0.017043 -0.00136293
0.202312 0.997206 0.0197048
0.212648 0.000241217 0.113798
0.194722 1.02118 0.0929268
0.191239 0.00930405 0.205196
0.194228 1.01115 0.195834
0.205082 -0.00381591 0.294981
0.215206 0.982884 0.288052
0.205341 -0.00488727 0.399175
0.204621 0.993958 0.41601
0.201152 0.00024436 0.488837
0.207543 0.991467 0.504357
0.192885 0.00164862 0.606544
0.191643 1.00534 0.595516
0.19285 -0.00877412 0.703977
0.210875 1.01736 0.696742
0.191147 -0.0019401 0.784557
0.196148 1.00725 0.821422
0.179245 -0.00381181 0.895491
0.207205 1.00719 0.903949
0.301296 -0.0133206 -0.00918377
0.307817 1.00667 -0.0054306
0.277844 -0.00188083 0.0949601
0.2911 1.01188 0.103308
0.30391 -0.0137439 0.195269
0.291521 0.996446 0.198996
0.291718 0.00474125 0.31809
0.306266 0.987703 0.298504
0.31951 0.0163737 0.400837
0.317668 1.02521 0.392535
0.291214 0.0128042 0.488442
0.296888 1.00962 0.495195
0.293221 -0.000901025 0.588235
0.305831 0.989881 0.614371
0.301856 -0.00222941 0.717054
0.30297 1.01798 0.704319
0.309679 0.0104169 0.788227
0.295606 1.01088 0.789354
0.286688 -0.000404227 0.901638
0.284264 1.01268 0.888302
0.412109 0.00365003 -0.00508017
0.397156 1.00647 0.00613448
0.400209 -0.000796676 0.088831
0.388294 1.00589 0.107808
0.396121 -0.0078139 0.209251
0.40284 1.01205 0.195121
0.394621 0.00182034 0.282823
0.409356 0.993375 0.295158
0.396286 0.00186348 0.394261
0.393123 0.994483 0.389106
0.405504 0.00208116 0.50616
0.411659 0.994301 0.492516
0.399848 -0.00443451 0.597476
0.403025 1.00633 0.594541
0.386762 0.00182586 0.696868
0.405591 1.01346 0.689675
0.380967 0.00903424 0.79003
0.38828 1.00517 0.801935
0.393532 0.00991338 0.895802
0.398314 1.00073 0.885977
0.522274 0.00856846 -0.00469712
0.495584 0.998349 0.00689886
0.505547 -0.00559789 0.102736
0.512506 1.00804 0.112286
0.486843 0.000276231 0.196678
0.483011 1.0252 0.204119
0.492044 0.0125519 0.301415
0.498097 0.99004 0.296684
0.506202 0.0166215 0.398272
0.493938 1.00356 0.390817
0.487313 0.013262 0.490791
0.499622 0.997744 0.489473
0.504592 -0.0159026 0.59608
0.496451 0.991636 0.602089
0.506361 -0.00239011 0.703811
0.51318 1.00072 0.713703
0.488584 0.0155619 0.802637
0.486488 0.989507 0.80897
0.490779 -0.00732452 0.880919
0.500773 1.00545 0.909358
0.594171 -0.00473769 -0.00503165
0.602397 0.996557 -0.00482741
0.596406 0.009785 0.106296
0.590076 0.993247 0.094346
0.590383 -0.00527889 0.205385
0.601769 0.996962 0.214753
0.596283 -0.00860563 0.313827
0.591797 1.00482 0.303598
0.618265 -0.00936056 0.395047
0.622897 0.992404 0.408674
0.601347 -0.00839382 0.49215
0.595679 1.00956 0.508329
0.601799 -0.00410009 0.59969
0.595615 0.986277 0.595894
0.596029 0.00422909 0.698622
0.613329 0.98379 0.690176
0.600232 0.0088533 0.762508
0.612245 1.00493 0.797259
0.581005 0.00343049 0.903939
0.598858 1.00939 0.917895
0.676936 0.00305339 -0.00595812
0.700503 1.00178 -0.00886583
0.711052 0.00495276 0.0892905
0.704329 1.00825 0.11183
0.701977 0.00109835 0.198273
0.694472 0.994469 0.192381
0.691845 0.0271628 0.309196
0.705854 0.983408 0.308617
0.693974 0.00671686 0.391683
0.693482 1.01064 0.417865
0.685898 -0.00348881 0.498652
0.704175 0.996535 0.495454
0.704087 -0.00813345 0.590336
0.70883 0.984673 0.612326
0.690308 -0.00387551 0.71127
0.700649 0.997441 0.707762
0.707144 0.00137896 0.803564
0.69006 1.00299 0.809884
0.677649 0.00468999 0.881903
0.704433 0.987138 0.903189
0.802715 0.0151943 0.0149846
0.799211 0.991166 0.0121345
0.806998 -0.00583634 0.0929622
0.793629 0.977767 0.104503
0.796265 -0.0172997 0.207592
0.799934 0.983133 0.196017
0.803603 -0.0177645 0.289451
0.803471 0.984517 0.31456
0.817038 -0.00349065 0.395445
0.801056 0.99379 0.395015
0.799731 -0.00764483 0.491718
0.804232 0.998313 0.502551
0.792073 -0.00709149 0.588088
0.806642 1.00418 0.607914
0.791202 -0.0063945 0.702263
0.808227 1.00295 0.708093
0.800586 0.0113628 0.797939
0.799941 1.00198 0.78764
0.788891 0.0092031 0.885279
0.795617 0.991016 0.898227
0.886793 -0.0237132 0.0131305
0.90675 1.0164 -0.0191724
0.919841 -0.0129326 0.0843553
0.898553 1.00414 0.100128
0.918242 -0.00800039 0.205917
0.893648 0.996091 0.196634
0.89908 0.0175398 0.292284
0.903102 0.997031 0.314755
0.903026 -0.0111365 0.403484
0.911415 0.999424 0.385749
0.892502 0.0165056 0.501086
0.907813 1.03 0.487365
0.888677 0.00309786 0.593242
0.915877 1.011 0.595255
0.888853 -0.0124338 0.687073
0.914441 1.01244 0.719805
0.918249 -0.0114037 0.789468
0.908128 1.00458 0.810399
0.891181 0.0122588 0.900895
0.904526 1.0005 0.895616
-0.000222282 -0.0186361 -0.00434464
1.01542 -0.000156985 -0.00164268
0.018894 -0.00664879 0.0782931
1.01219 -0.0188767 0.0996003
-0.00393248 0.00861074 0.206044
1.00446 0.00280572 0.184717
-9.52255e-05 0.00778026 0.313002
0.99301 -0.00592556 0.318798
0.0172784 0.00412944 0.409871
1.00692 0.00357368 0.404417
0.00389506 -0.0317332 0.4963
1.00009 0.0069544 0.498948
-0.000310909 0.0152736 0.600819
1.01871 -0.00212416 0.593267
-0.0111125 -0.00435785 0.715229
0.984781 -0.00209932 0.686152
0.0129963 -0.0065868 0.802914
0.993893 -0.00599604 0.794812
-0.00591795 0.00725489 0.883762
1.00468 -0.00642705 0.899231
0.00226821 0.107181 -0.000386967
1.00126 0.113718 0.00713024
-0.00102626 0.0830633 0.0997322
0.988404 0.116731 0.105483
0.00739301 0.108784 0.212593
0.996416 0.125183 0.207051
-0.0090045 0.109309 0.295125
1.01579 0.0885531 0.30995
0.00778232 0.0879199 0.399856
0.996099 0.0975071 0.390181
-0.020796 0.0977812 0.498764
0.994422 0.0873078 0.519382
-0.00890971 0.098373 0.626201
0.990893 0.0979558 0.592843
-0.0115605 0.105138 0.701329
0.993635 0.100772 0.700945
-0.00424578 0.103513 0.793162
0.989729 0.103632 0.80084
0.00298058 0.104412 0.895794
0.985905 0.0985837 0.890703
0.0068383 0.207008 -0.00776529
1.00113 0.205432 -0.0159762
0.00684805 0.202308 0.100597
1.01605 0.20071 0.105937
-0.00175116 0.20816 0.216931
0.996728 0.205205 0.212518
0.0189315 0.205141 0.305752
1.01473 0.195068 0.305508
-0.00296476 0.20612 0.395995
0.980002 0.202608 0.397074
0.00650054 0.196095 0.493332
1.00724 0.207898 0.501301
0.0108842 0.204276 0.614474
1.0034 0.222614 0.60452
-0.0013445 0.193341 0.688235
1.01385 0.223351 0.701754
-0.000920421 0.206082 0.800194
0.999589 0.203307 0.795804
-0.0144466 0.197606 0.913839
0.998009 0.184035 0.888812
0.00577384 0.294627 -0.0171002
0.994924 0.302142 -0.0226559
0.0097446 0.295357 0.0771707
1.00698 0.30415 0.083334
0.00698937 0.294161 0.197476
1.01224 0.291647 0.207134
0.0102723 0.302462 0.294546
1.01892 0.302756 0.287293
-0.0139041 0.275677 0.381602
0.991705 0.306976 0.398082
0.00392578 0.316872 0.497279
1.00324 0.296411 0.504775
0.00092713 0.308259 0.608883
0.993431 0.29036 0.592849
0.02367 0.30812 0.723755
0.984903 0.297098 0.715024
-0.0173918 0.305666 0.800554
0.993024 0.301868 0.812148
0.00567504 0.296571 0.903605
1.0117 0.300182 0.910336
0.00923001 0.392425 -0.00483553
0.989376 0.389908 0.00282256
-0.0130535 0.394782 0.102891
1.00256 0.397288 0.106335
0.000850113 0.397684 0.207735
0.995797 0.399317 0.191488
-2.06563e-05 0.404237 0.290521
1.01669 0.404304 0.294653
-0.015819 0.402109 0.400017
0.992447 0.399335 0.394147
0.00408263 0.38834 0.520601
1.00282 0.418359 0.503362
0.00643486 0.397581 0.601637
1.00016 0.392084 0.610272
-0.00390471 0.404774 0.704269
0.990243 0.417198 0.696232
-0.00202068 0.382672 0.816897
1.01655 0.403197 0.793204
0.00600679 0.404161 0.891054
1.00949 0.379535 0.898504
0.0107924 0.480948 -0.00359728
1.01253 0.508064 -0.0122934
-0.000423716 0.492304 0.0960045
1.00987 0.516668 0.084074
0.00344768 0.495882 0.203904
0.988156 0.503285 0.206133
0.00168534 0.497267 0.298571
1.00528 0.4838 0.281411
-0.000652897 0.493959 0.40266
0.996167 0.50111 0.414913
0.00989575 0.518932 0.517499
0.998047 0.498219 0.498838
-0.0137355 0.487639 0.584742
0.998309 0.511128 0.592376
0.00241384 0.515591 0.704224
0.98442 0.507249 0.686581
-0.0129906 0.499116 0.805601
1.00878 0.489114 0.802448
0.00521586 0.498844 0.889934
0.986711 0.50668 0.910835
-0.00829224 0.608191 0.00662654
1.00022 0.595078 0.00119912
0.00595864 0.608696 0.0769973
0.997397 0.60672 0.0956303
0.00540462 0.592315 0.204897
0.997059 0.597309 0.191971
0.00506155 0.607401 0.30618
1.0015 0.594766 0.297018
-0.017297 0.606294 0.397648
0.989993 0.597789 0.38837
-0.00822378 0.594723 0.490585
1.00059 0.591308 0.505415
0.00740128 0.608197 0.585301
0.986914 0.587324 0.594766
-0.00986581 0.592 0.692234
1.00024 0.607268 0.700794
0.00888272 0.594493 0.783915
1.01345 0.607193 0.791938
0.0052998 0.608091 0.902185
1.00842 0.599696 0.896249
0.0074301 0.699968 0.00603759
0.996826 0.688452 0.0131144
-0.0123688 0.701838 0.0934268
1.0121 0.704038 0.0894475
0.000203079 0.705697 0.203447
1.00307 0.694832 0.198263
0.0170568 0.67693 0.282635
1.00729 0.68411 0.291536
0.016618 0.693371 0.403741
1.01055 0.680892 0.413646
-0.00101959 0.705625 0.493918
1.00606 0.699125 0.482734
0.000194618 0.702389 0.600852
1.01676 0.707188 0.594094
-0.0123394 0.695122 0.728221
0.990723 0.690481 0.704203
0.0150024 0.701352 0.799051
0.998688 0.693486 0.795135
-0.00474509 0.716671 0.907715
0.997727 0.700119 0.901069
-0.00448488 0.786058 0.00437946
0.996793 0.795793 0.00361836
0.00666477 0.79979 0.083214
0.986733 0.797203 0.0752689
-0.012086 0.803694 0.205982
1.0067 0.783885 0.186933
0.00657055 0.801932 0.301508
0.997644 0.79067 0.302961
-0.0189272 0.807343 0.39297
0.992547 0.805987 0.410705
-0.00748088 0.806628 0.515131
0.99973 0.808673 0.498564
0.0141543 0.798446 0.608425
1.00849 0.799139 0.618942
-0.0280195 0.805252 0.694265
0.997394 0.811556 0.704011
0.00628025 0.789354 0.791704
0.997136 0.802259 0.795319
-0.00693408 0.797753 0.895764
0.998006 0.789597 0.907443
0.0179573 0.883001 -0.0158596
1.01157 0.886982 -0.00478117
-0.00536444 0.902986 0.0965693
1.01677 0.89806 0.107441
0.0235625 0.913065 0.217604
1.00276 0.883329 0.222408
0.00916779 0.890013 0.308374
0.990151 0.905916 0.30976
-0.00469871 0.901601 0.385992
0.976341 0.888852 0.384657
0.00227346 0.911152 0.50842
0.977812 0.898473 0.494755
-0.00365636 0.907659 0.613112
0.995155 0.878425 0.588666
-0.0112124 0.890104 0.697537
0.994925 0.912718 0.703755
0.00137175 0.911222 0.806241
1.00259 0.886683 0.799226
0.00468064 0.90684 0.907954
1.00606 0.889212 0.90167
